===================== parameter experiment: -nlabel 5 -LM 1 -IM 4 -Nit -O ./fie3_result.csv
Database Lab #Cont Global #Ex #Rules #Train #ErrorTrain #Test #TestWNC #Error %NC TrainTime Nose TestTime
abalone 5 7 Global 4174.000000 122.700000 31.456636 68.543364 16.698610 16.718638 83.281362 0.119789 0.042094 0.000000 0.008249 0.000000 0.000000 0.000000
adult 5 6 Global 45222.000000 19796.400000 90.154006 9.845994 63.318739 80.529853 19.470147 21.372341 0.693822 0.000000 0.081182 0.000000 0.000000 0.000000
australian 5 7 Global 690.000000 498.900000 96.988728 3.011272 54.637681 82.857143 17.142857 34.057971 0.006827 0.000000 0.001065 0.000000 0.000000 0.000000
banana 5 2 Global 5300.000000 19.600000 77.075472 22.924528 79.377358 79.392338 20.607662 0.018868 0.023983 0.000000 0.001431 0.000000 0.000000 0.000000
bands 5 19 Global 365.000000 325.300000 100.000000 0.000000 16.164384 64.130435 35.869565 74.794521 0.006067 0.000000 0.012619 0.000000 0.000000 0.000000
bupa 5 6 Global 345.000000 120.800000 76.843800 23.156200 55.652174 57.313433 42.686567 2.898551 0.002027 0.000000 0.000218 0.000000 0.000000 0.000000
census 5 9 Global 142521.000000 80968.100000 99.295231 0.704769 48.089755 96.332944 3.667056 50.079637 5.951201 0.000000 0.724180 0.000000 0.000000 0.000000
cleveland 5 13 Global 297.000000 259.200000 99.401422 0.598578 18.181818 64.285714 35.714286 71.717172 0.005570 0.000000 0.001117 0.000000 0.000000 0.000000
coil2000 5 2 Global 9822.000000 7451.900000 98.796353 1.203647 24.272042 92.153073 7.846927 73.661169 0.922418 0.000000 0.096052 0.000000 0.000000 0.000000
covtype_2_vs_1 5 10 Global 495141.000000 23406.000000 85.290924 14.709076 85.327614 85.336576 14.663424 0.010502 22.661442 0.000000 2.887924 0.000000 0.000000 0.000000
crx 5 6 Global 653.000000 522.700000 98.553684 1.446316 40.735069 85.530547 14.469453 52.373660 0.008214 0.000000 0.001248 0.000000 0.000000 0.000000
fars_0_vs_4_ 5 5 Global 62123.000000 39933.700000 100.000000 0.000000 44.889976 100.000000 0.000000 55.110024 1.986156 0.000000 0.206267 0.000000 0.000000 0.000000
heart 5 5 Global 270.000000 235.600000 100.000000 0.000000 21.851852 86.764706 13.235294 74.814815 0.003133 0.000000 0.000478 0.000000 0.000000 0.000000
iris 5 4 Global 150.000000 45.500000 95.629630 4.370370 94.666667 94.666667 5.333333 0.000000 0.000747 0.000000 0.000054 0.000000 0.000000 0.000000
letter 5 16 Global 20000.000000 7488.100000 88.415556 11.584444 77.430000 77.635735 22.364265 0.265000 0.321542 0.000000 0.174631 0.000000 0.000000 0.000000
magic 5 10 Global 19020.000000 1912.400000 84.064143 15.935857 81.629863 81.702889 18.297111 0.089380 0.201256 0.000000 0.036630 0.000000 0.000000 0.000000
newthyroid 5 5 Global 215.000000 48.000000 95.348837 4.651163 95.348837 96.244131 3.755869 0.930233 0.001308 0.000000 0.000095 0.000000 0.000000 0.000000
mammographic 5 1 Global 830.000000 160.000000 87.563588 12.436412 76.867470 83.072917 16.927083 7.469880 0.005006 0.000000 0.000346 0.000000 0.000000 0.000000
page-blocks 5 10 Global 5472.000000 163.100000 93.845435 6.154565 94.389620 94.579747 5.420253 0.201023 0.047655 0.000000 0.004310 0.000000 0.000000 0.000000
penbased 5 16 Global 10992.000000 7739.000000 99.880721 0.119279 94.013828 98.918350 1.081650 4.958151 0.181152 0.000000 0.077559 0.000000 0.000000 0.000000
phoneme 5 5 Global 5404.000000 228.200000 82.327905 17.672095 80.588453 80.588453 19.411547 0.000000 0.030033 0.000000 0.002693 0.000000 0.000000 0.000000
pima 5 8 Global 768.000000 426.600000 90.957755 9.042245 66.015625 68.236878 31.763122 3.255208 0.005123 0.000000 0.000700 0.000000 0.000000 0.000000
ring 5 20 Global 7400.000000 5059.500000 99.367868 0.632132 54.621622 79.053393 20.946607 30.905405 0.159659 0.000000 0.174874 0.000000 0.000000 0.000000
saheart 5 8 Global 462.000000 354.000000 96.945647 3.054353 60.822511 65.046296 34.953704 6.493506 0.003268 0.000000 0.000681 0.000000 0.000000 0.000000
satimage 5 36 Global 6435.000000 2137.400000 78.711905 21.288095 64.832945 65.228268 34.771732 0.606061 0.210526 0.000000 0.203619 0.000000 0.000000 0.000000
segment 5 19 Global 2310.000000 884.900000 95.661376 4.338624 90.389610 93.422819 6.577181 3.246753 0.036815 0.000000 0.017150 0.000000 0.000000 0.000000
shuttle 5 9 Global 57999.000000 71.900000 91.593533 8.406467 92.424007 92.435163 7.564837 0.012069 0.505468 0.000000 0.090465 0.000000 0.000000 0.000000
spambase 5 57 Global 4597.000000 1379.500000 87.245305 12.754695 80.661301 84.657534 15.342466 4.720470 0.239002 0.000000 0.050332 0.000000 0.000000 0.000000
texture 5 40 Global 5500.000000 3694.800000 97.636364 2.363636 87.400000 93.104784 6.895216 6.127273 0.230095 0.000000 0.210771 0.000000 0.000000 0.000000
thyroid 5 6 Global 7200.000000 941.200000 94.237654 5.762346 91.958333 93.214135 6.785865 1.347222 0.109713 0.000000 0.013919 0.000000 0.000000 0.000000
twonorm 5 20 Global 7400.000000 6654.200000 99.986486 0.013514 34.135135 90.994236 9.005764 62.486486 0.139201 0.000000 0.271262 0.000000 0.000000 0.000000
vehicle 5 18 Global 846.000000 707.800000 98.502758 1.497242 51.891253 63.531114 36.468886 18.321513 0.015513 0.000000 0.019310 0.000000 0.000000 0.000000
vowel 5 11 Global 990.000000 649.700000 98.765432 1.234568 93.434343 93.718338 6.281662 0.303030 0.009657 0.000000 0.002249 0.000000 0.000000 0.000000
winequality-red 5 11 Global 1599.000000 763.400000 84.497255 15.502745 56.785491 57.614213 42.385787 1.438399 0.021501 0.000000 0.006605 0.000000 0.000000 0.000000
winequality-white 5 11 Global 4898.000000 1043.200000 66.902591 33.097409 49.795835 49.897709 50.102291 0.204165 0.059173 0.000000 0.015859 0.000000 0.000000 0.000000
===========================================================================================================================
===================== parameter experiment: -nlabel 5 -LM 1 -IM 4 -Nit -wCP -O ./fie3_result.csv
Database Lab #Cont Global #Ex #Rules #Train #ErrorTrain #Test #TestWNC #Error %NC TrainTime Nose TestTime
abalone 5 7 Global 4174.000000 12.200000 31.456636 68.543364 1.054145 27.672956 72.327044 96.190704 0.165519 0.000000 0.013898 0.000000 0.000000 0.000000
adult 5 6 Global 45222.000000 19796.400000 90.154006 9.845994 64.380169 81.879799 18.120201 21.372341 158.437704 0.000000 0.070103 0.000000 0.000000 0.000000
australian 5 7 Global 690.000000 498.900000 96.988728 3.011272 54.637681 82.857143 17.142857 34.057971 0.060293 0.000000 0.001015 0.000000 0.000000 0.000000
banana 5 2 Global 5300.000000 19.600000 77.075472 22.924528 80.358491 80.373655 19.626345 0.018868 0.028730 0.000000 0.001085 0.000000 0.000000 0.000000
bands 5 19 Global 365.000000 325.300000 100.000000 0.000000 16.438356 65.217391 34.782609 74.794521 0.026288 0.000000 0.011077 0.000000 0.000000 0.000000
bupa 5 6 Global 345.000000 120.800000 76.843800 23.156200 59.710145 61.492537 38.507463 2.898551 0.010303 0.000000 0.000294 0.000000 0.000000 0.000000
census 5 9 Global 142521.000000 80968.100000 99.295231 0.704769 48.152904 96.459443 3.540557 50.079637 1749.990577 0.000000 0.597464 0.000000 0.000000 0.000000
cleveland 5 13 Global 297.000000 259.200000 99.401422 0.598578 18.518519 65.476190 34.523810 71.717172 0.015602 0.000000 0.000579 0.000000 0.000000 0.000000
coil2000 5 2 Global 9822.000000 7455.800000 98.796353 1.203647 24.272042 92.153073 7.846927 73.661169 11.387514 0.000000 0.075058 0.000000 0.000000 0.000000
covtype_2_vs_1 5 10 Global 495141.000000 23406.000000 85.290924 14.709076 83.502679 83.511449 16.488551 0.010502 2396.977668 0.000000 2.802316 0.000000 0.000000 0.000000
crx 5 6 Global 653.000000 522.700000 98.553684 1.446316 41.194487 86.495177 13.504823 52.373660 0.105444 0.000000 0.001892 0.000000 0.000000 0.000000
fars_0_vs_4_ 5 5 Global 62123.000000 39933.700000 100.000000 0.000000 44.889976 100.000000 0.000000 55.110024 380.407998 0.000000 0.211762 0.000000 0.000000 0.000000
heart 5 5 Global 270.000000 235.600000 100.000000 0.000000 21.851852 86.764706 13.235294 74.814815 0.012661 0.000000 0.000348 0.000000 0.000000 0.000000
iris 5 4 Global 150.000000 45.500000 95.629630 4.370370 95.333333 95.333333 4.666667 0.000000 0.001804 0.000000 0.000060 0.000000 0.000000 0.000000
letter 5 16 Global 20000.000000 4962.300000 88.415556 11.584444 74.600000 75.186454 24.813546 0.780000 36.903649 0.000000 0.295510 0.000000 0.000000 0.000000
magic 5 10 Global 19020.000000 1912.400000 84.064143 15.935857 80.799159 80.871441 19.128559 0.089380 8.022896 0.000000 0.041895 0.000000 0.000000 0.000000
newthyroid 5 5 Global 215.000000 48.000000 95.348837 4.651163 91.162791 92.018779 7.981221 0.930233 0.002827 0.000000 0.000088 0.000000 0.000000 0.000000
mammographic 5 1 Global 830.000000 159.600000 87.563588 12.436412 76.746988 82.942708 17.057292 7.469880 0.019191 0.000000 0.000249 0.000000 0.000000 0.000000
page-blocks 5 10 Global 5472.000000 161.900000 93.845435 6.154565 93.896199 94.085332 5.914668 0.201023 0.210716 0.000000 0.003603 0.000000 0.000000 0.000000
penbased 5 16 Global 10992.000000 7737.100000 99.880721 0.119279 94.304949 99.224658 0.775342 4.958151 11.218367 0.000000 0.083184 0.000000 0.000000 0.000000
phoneme 5 5 Global 5404.000000 228.200000 82.327905 17.672095 78.663953 78.663953 21.336047 0.000000 0.220791 0.000000 0.002857 0.000000 0.000000 0.000000
pima 5 8 Global 768.000000 426.600000 90.957755 9.042245 70.572917 72.947510 27.052490 3.255208 0.063439 0.000000 0.000830 0.000000 0.000000 0.000000
ring 5 20 Global 7400.000000 5059.500000 99.367868 0.632132 53.243243 77.058478 22.941522 30.905405 12.320124 0.000000 0.171711 0.000000 0.000000 0.000000
saheart 5 8 Global 462.000000 354.000000 96.945647 3.054353 62.121212 66.435185 33.564815 6.493506 0.045352 0.000000 0.001344 0.000000 0.000000 0.000000
satimage 5 36 Global 6435.000000 1859.100000 78.711905 21.288095 51.235431 51.620479 48.379521 0.745921 16.348524 0.000000 0.235640 0.000000 0.000000 0.000000
segment 5 19 Global 2310.000000 863.300000 95.661376 4.338624 88.484848 91.536050 8.463950 3.333333 0.410406 0.000000 0.021009 0.000000 0.000000 0.000000
shuttle 5 9 Global 57999.000000 70.100000 91.593533 8.406467 84.241108 84.251276 15.748724 0.012069 1.388963 0.000000 0.074640 0.000000 0.000000 0.000000
spambase 5 57 Global 4597.000000 1379.600000 87.245305 12.754695 80.661301 84.657534 15.342466 4.720470 4.040485 0.000000 0.048391 0.000000 0.000000 0.000000
texture 5 40 Global 5500.000000 3473.300000 97.636364 2.363636 85.836364 91.634317 8.365683 6.327273 11.647883 0.000000 0.217025 0.000000 0.000000 0.000000
thyroid 5 6 Global 7200.000000 943.900000 94.237654 5.762346 92.097222 93.354920 6.645080 1.347222 1.333824 0.000000 0.010552 0.000000 0.000000 0.000000
twonorm 5 20 Global 7400.000000 6654.200000 99.986486 0.013514 34.932432 93.119597 6.880403 62.486486 12.216484 0.000000 0.268481 0.000000 0.000000 0.000000
vehicle 5 18 Global 846.000000 683.200000 98.502758 1.497242 54.491726 67.103348 32.896652 18.794326 0.179262 0.000000 0.019588 0.000000 0.000000 0.000000
vowel 5 11 Global 990.000000 638.800000 98.765432 1.234568 93.030303 93.313070 6.686930 0.303030 0.102137 0.000000 0.002405 0.000000 0.000000 0.000000
winequality-red 5 11 Global 1599.000000 614.200000 84.497255 15.502745 59.599750 60.469543 39.530457 1.438399 0.298565 0.000000 0.009953 0.000000 0.000000 0.000000
winequality-white 5 11 Global 4898.000000 651.500000 66.902591 33.097409 53.082891 53.213262 46.786738 0.244998 1.822073 0.000000 0.047389 0.000000 0.000000 0.000000
===========================================================================================================================
