Database           Lab  #Cont  Global  #Ex             #Rules           #Train      #ErrorTrain  #Test      #TestWNC    #Error     %NC        TrainTime   Nose      TestTime  
balance              3      4  Global      625.000000        73.600000   86.204444    13.795556  88.800000   90.983607   9.016393   2.400000    0.004445  0.000000   0.001122  0.000000  0.000000  0.000000
banana               3      2  Global     5300.000000         7.900000   57.867925    42.132075  60.113208   60.113208  39.886792   0.000000    0.030018  0.000000   0.001750  0.000000  0.000000  0.000000
bupa                 3      6  Global      345.000000        47.400000   63.510467    36.489533  57.971014   58.139535  41.860465   0.289855    0.003779  0.000000   0.000785  0.000000  0.000000  0.000000
heart                3      5  Global      270.000000       229.200000   99.341564     0.658436  41.481481   83.582090  16.417910  50.370370    0.004086  0.000000   0.002404  0.000000  0.000000  0.000000
ionosphere           3     32  Global      351.000000       232.200000   98.575499     1.424501  64.672365   91.532258   8.467742  29.344729    0.013274  0.000000   0.005173  0.000000  0.000000  0.000000
iris                 3      4  Global      150.000000        14.600000   92.000000     8.000000  94.666667   94.666667   5.333333   0.000000    0.001554  0.000000   0.000130  0.000000  0.000000  0.000000
led7digit            3      7  Global      500.000000        68.700000   79.955556    20.044444  63.600000   75.000000  25.000000  15.200000    0.005095  0.000000   0.001208  0.000000  0.000000  0.000000
letter               3     16  Global    20000.000000      1320.900000   51.950000    48.050000  50.145000   50.145000  49.855000   0.000000    0.378338  0.000000   1.257741  0.000000  0.000000  0.000000
magic                3     10  Global    19020.000000       354.100000   78.985863    21.014137  80.630915   80.630915  19.369085   0.000000    0.239535  0.000000   0.318080  0.000000  0.000000  0.000000
newthyroid           3      5  Global      215.000000        20.500000   90.852713     9.147287  89.767442   90.186916   9.813084   0.465116    0.002104  0.000000   0.000199  0.000000  0.000000  0.000000
page-blocks          3     10  Global     5472.000000        53.200000   92.878899     7.121101  92.525585   92.559415   7.440585   0.036550    0.067275  0.000000   0.012855  0.000000  0.000000  0.000000
penbased             3     16  Global    10992.000000      3334.100000   98.463529     1.536471  97.570961   97.633136   2.366864   0.063683    0.207473  0.000000   0.987000  0.000000  0.000000  0.000000
phoneme              3      5  Global     5404.000000        58.400000   72.676618    27.323382  72.353812   72.353812  27.646188   0.000000    0.039563  0.000000   0.010396  0.000000  0.000000  0.000000
pima                 3      8  Global      768.000000       110.800000   79.195602    20.804398  71.093750   71.465969  28.534031   0.520833    0.008745  0.000000   0.003420  0.000000  0.000000  0.000000
ring                 3     20  Global     7400.000000      1080.000000   84.043544    15.956456  88.297297   88.297297  11.702703   0.000000    0.175472  0.000000   0.478152  0.000000  0.000000  0.000000
saheart              3      8  Global      462.000000       190.900000   84.920635    15.079365  69.480519   69.934641  30.065359   0.649351    0.005193  0.000000   0.004116  0.000000  0.000000  0.000000
satimage             3     36  Global     6435.000000      1458.600000   75.778296    24.221704  75.819736   75.819736  24.180264   0.000000    0.295398  0.000000   1.250141  0.000000  0.000000  0.000000
segment              3     19  Global     2310.000000       318.300000   85.363155    14.636845  86.709957   86.860364  13.139636   0.173160    0.048690  0.000000   0.038093  0.000000  0.000000  0.000000
sonar                3     60  Global      208.000000       187.200000  100.000000     0.000000  61.057692   84.105960  15.894040  27.403846    0.017348  0.000000   0.005804  0.000000  0.000000  0.000000
spambase             3     57  Global     4597.000000       374.000000   72.704421    27.295579  73.004133   73.580355  26.419645   0.783119    0.309841  0.000000   0.216514  0.000000  0.000000  0.000000
spectfheart          3     44  Global      267.000000       240.300000  100.000000     0.000000  62.172285   69.166667  30.833333  10.112360    0.016968  0.000000   0.010845  0.000000  0.000000  0.000000
texture              3     40  Global     5500.000000      1188.400000   71.430303    28.569697  78.745455   78.745455  21.254545   0.000000    0.297918  0.000000   0.657924  0.000000  0.000000  0.000000
thyroid              3      6  Global     7200.000000       465.300000   93.225309     6.774691  92.347222   93.136294   6.863706   0.847222    0.142541  0.000000   0.152066  0.000000  0.000000  0.000000
twonorm              3     20  Global     7400.000000      1539.600000   84.702703    15.297297  88.837838   88.837838  11.162162   0.000000    0.175504  0.000000   0.658176  0.000000  0.000000  0.000000
vehicle              3     18  Global      846.000000       407.800000   83.162595    16.837405  59.692671   59.834123  40.165877   0.236407    0.018429  0.000000   0.026527  0.000000  0.000000  0.000000
vowel                3     11  Global      990.000000       279.600000   72.087542    27.912458  64.242424   64.242424  35.757576   0.000000    0.015067  0.000000   0.010074  0.000000  0.000000  0.000000
wine                 3     13  Global      178.000000       126.200000   99.438202     0.561798  89.887640   90.909091   9.090909   1.123596    0.003987  0.000000   0.001743  0.000000  0.000000  0.000000
winequality-red      3     11  Global     1599.000000       219.600000   65.985685    34.014315  52.407755   52.473388  47.526612   0.125078    0.025018  0.000000   0.019397  0.000000  0.000000  0.000000
winequality-white    3     11  Global     4898.000000       260.900000   54.763849    45.236151  41.261739   41.287028  58.712972   0.061249    0.068594  0.000000   0.086633  0.000000  0.000000  0.000000
twonorm              3     20  Global     7400.000000      1539.600000   84.702703    15.297297  88.837838   88.837838  11.162162   0.000000    0.176737  0.000000   0.644605  0.000000  0.000000  0.000000
BNG_colic            5      7  Global  1000000.000000    530357.100000  100.000000     0.000000  85.955125  100.000000   0.000000  14.044875   23.795218  0.000000   4.399269  0.000000  0.000000  0.000000
BNG_colic            5      7  Global  1000000.000000    808915.000000   98.998011     1.001989  34.518700   88.031184  11.968816  60.788100   24.438876  0.000000   9.444695  0.000000  0.000000  0.000000
BNG_colic            3      7  Global  1000000.000000    730021.000000   98.151544     1.848456  47.649700   88.037373  11.962627  45.875600   24.613938  0.000000  10.086941  0.000000  0.000000  0.000000
BNG_colic            3      7  Global  1000000.000000  18855191.200000   97.025776     2.974224  51.452600   88.511009  11.488991  41.868700  141.824407  0.000000   9.277901  0.000000  0.000000  0.000000
